0 -3.35 133.15
1 -4.06 139.61
2 -1.74 118.63
3 -1.2 113.79
4 0.83 95.47
5 -3.36 133.3
6 -6.84 164.71
7 -3.52 134.68
8 -6.02 157.27
9 -3.88 137.99
10 -2.73 127.59
11 -4.24 141.25
12 -2.36 124.23
13 -1.73 118.6
14 -2.36 124.29
15 -1.47 116.21
16 -5.34 151.16
17 -4.16 140.46
18 -2.74 127.71
19 -2.71 127.41
20 -2.24 123.19
21 -4.45 143.14
22 -3.58 135.29
23 -3.83 137.53
24 -3.88 137.96
25 -3.23 132.07
26 -3.44 133.99
27 -6.97 165.91
28 -5.39 151.61
29 -6.25 159.37
30 -6.75 163.86
31 -6.35 160.26
32 -0.56 108.01
33 -4.93 147.48
34 -1.23 114.07
35 -7.17 167.7
36 -4.58 144.31
37 -5.57 153.24
38 -6.51 161.69
39 -2.64 126.81
40 -3.66 135.95
41 -2.31 123.82
42 -3.76 136.9
43 -2.99 129.92
44 -2.25 123.27
45 -2.55 125.95
46 -0.65 108.79
47 -1.4 115.61
48 -2.48 125.32
49 -3.09 130.88
50 -3.29 132.67
51 -1.49 116.41
52 -3.3 132.72
53 -2.74 127.72
54 -3.6 135.44
55 -2.97 129.74
56 -2.37 124.3