0 -3.56 133.15
1 -4.18 139.61
2 -2.15 118.63
3 -1.68 113.79
4 0.1 95.47
5 -3.57 133.3
6 -6.61 164.71
7 -3.7 134.68
8 -5.89 157.27
9 -4.02 137.99
10 -3.02 127.59
11 -4.34 141.25
12 -2.69 124.23
13 -2.15 118.6
14 -2.7 124.29
15 -1.91 116.21
16 -5.3 151.16
17 -4.26 140.46
18 -3.03 127.71
19 -3.0 127.41
20 -2.59 123.19
21 -4.52 143.14
22 -3.76 135.29
23 -3.98 137.53
24 -4.02 137.96
25 -3.45 132.07
26 -3.64 133.99
27 -6.73 165.91
28 -5.34 151.61
29 -6.1 159.37
30 -6.53 163.86
31 -6.18 160.26
32 -1.12 108.01
33 -4.94 147.48
34 -1.71 114.07
35 -6.9 167.7
36 -4.64 144.31
37 -5.5 153.24
38 -6.32 161.69
39 -2.94 126.81
40 -3.83 135.95
41 -2.65 123.82
42 -3.92 136.9
43 -3.24 129.92
44 -2.6 123.27
45 -2.86 125.95
46 -1.19 108.79
47 -1.86 115.61
48 -2.8 125.32
49 -3.34 130.88
50 -3.51 132.67
51 -1.93 116.41
52 -3.51 132.72
53 -3.03 127.72
54 -3.78 135.44
55 -3.22 129.74
56 -2.7 124.3